1	2	6	3	0	14.07315979	1.93770754	2.754802607	9.029275055	14.75181014	20.51828668	22.43267667	26.38731631	23.67063361	20.15907278	13.54694701	7.139255813	3.950879456
2	2	7	2	1	14.05927282	4.306115326	7.210907506	9.248506737	13.07876653	15.30396394	17.94039586	22.48712069	23.42919369	19.19292541	15.68419394	11.38888999	6.43371027
3	2	2	4	2	24.8866972	12.99780516	15.74026721	19.7312213	25.05498811	29.73505195	31.62994105	35.69679793	34.70400066	31.87472901	25.77371334	18.89906088	14.39879516
4	2	11	3	0	-999	-999	-999	-999	-999	-999	-999	-999	-999	-999	-999	-999	-999
5	1	7	1	0	9.252749798	1.502533334	2.279714779	4.26077797	7.228766572	10.45380627	13.1696708	18.22153663	17.99393124	14.25905796	10.7718974	4.401863104	3.429244574
6	2	1	4	3	22.76767662	22.85929316	23.17252933	23.15893621	22.90416225	22.08670447	21.06671668	20.11669262	22.75455606	24.74115746	24.88881667	23.8796469	22.64182455
7	2	8	4	0	-999	-999	-999	-999	-999	-999	-999	-999	-999	-999	-999	-999	-999
8	1	8	4	0	-999	-999	-999	-999	-999	-999	-999	-999	-999	-999	-999	-999	-999
9	2	12	4	4	15.19874104	22.34961494	21.92008824	18.56944062	15.37508758	11.23959004	9.655108655	8.035286903	10.18916295	12.6680332	14.92183758	18.39871975	21.04134177
10	2	6	2	0	7.483901104	-5.130754933	-3.177096483	1.362259571	6.074055148	11.90794835	13.9469006	19.0030523	18.96019703	14.67861795	9.249494799	2.204856739	-1.993546852
11	1	8	4	0	-999	-999	-999	-999	-999	-999	-999	-999	-999	-999	-999	-999	-999
12	1	11	1	5	23.51238708	29.98257884	29.130421	27.88817612	24.4534807	19.85697108	18.05196855	16.30008213	17.00618965	20.56111339	24.56467177	26.86959215	29.56994906
13	1	7	1	6	7.275957017	-3.327464681	-1.068886308	2.305382286	7.175033002	10.53467	13.18766546	16.49518612	16.72932439	12.096282	8.12337685	2.709029556	-0.733789198
14	2	6	2	0	14.37591512	4.104864053	4.730564956	7.944086406	11.30760103	17.81444136	20.29029514	25.46835454	25.47662395	21.17277403	15.52620412	9.424170794	6.169775815
15	1	8	4	0	26.30628911	23.37332811	23.76989625	23.54684703	25.04098862	26.44996396	27.39300177	29.03925217	29.23226585	28.84649713	27.66245116	25.640298	24.61387542
16	1	6	4	7	-999	-999	-999	-999	-999	-999	-999	-999	-999	-999	-999	-999	-999
17	2	5	3	8	26.33394475	19.47852615	23.10794821	26.73168612	29.59305732	30.14571683	30.10776158	28.81284775	29.20745294	28.59633471	26.36905494	23.36663513	20.42111556
18	1	8	4	0	-999	-999	-999	-999	-999	-999	-999	-999	-999	-999	-999	-999	-999
19	2	7	2	0	7.834054812	-5.156149491	-2.297496187	1.757654463	8.423841919	14.19792233	15.96820859	17.95078692	18.19343819	13.55171529	7.647178682	1.966738058	-0.524483772
20	1	7	1	9	10.71103005	3.240749531	4.146670313	6.747294652	9.631904591	13.39467915	15.21991018	18.32685324	17.97761744	14.92706275	11.43522884	6.461142312	4.880113918
21	2	9	4	0	25.3669695	21.93891671	23.19781192	24.47195872	26.32467851	27.632914	27.38079669	27.14853839	27.20154179	26.95443133	25.50065861	23.74064395	23.03416651
22	2	3	4	10	28.69200149	27.72122274	29.62040086	31.85393844	32.47141433	31.29057068	30.09235697	26.40596822	25.22580923	26.07432763	27.8553003	29.03486997	27.97032289
23	1	8	4	0	-999	-999	-999	-999	-999	-999	-999	-999	-999	-999	-999	-999	-999
24	2	5	3	0	5.94094934	-2.571061546	0.136913861	1.850552272	5.874124623	8.319397315	9.955387114	12.13893842	12.63627823	10.92586233	6.616487092	3.291108196	0.23661494
25	2	12	4	11	20.46787413	21.88752565	21.20165695	20.93265821	20.36999072	18.52995446	17.78310112	17.80331236	19.58684878	21.92652349	22.42041199	22.12088042	21.86070248
26	2	7	2	0	10.67130209	-0.471000488	2.84464998	5.908750514	10.82335949	13.358734	16.0157498	19.9800141	20.56811009	15.39791886	11.56759411	7.096169824	1.904084249
27	2	1	4	12	23.55089756	27.6601451	26.49881992	25.83515107	23.67124135	19.8496839	18.40221497	15.92577556	19.75607787	23.58223135	26.68166887	28.08571606	28.28069135
28	2	12	4	13	24.94929811	25.18198129	25.04852898	24.97424584	24.5459083	23.89448532	23.50810562	23.19616969	25.06866913	26.53129367	26.68245474	25.92943084	25.24533877
29	2	1	4	0	-999	-999	-999	-999	-999	-999	-999	-999	-999	-999	-999	-999	-999
30	1	8	4	0	-999	-999	-999	-999	-999	-999	-999	-999	-999	-999	-999	-999	-999
31	1	5	3	14	26.07742697	25.71621959	25.40229348	25.77674394	26.48499881	26.94780932	26.62769263	26.19954269	26.46593086	26.28320907	25.9480539	25.79821039	25.55482845
32	2	7	2	15	12.22626681	-0.849677045	3.82309171	7.56265361	12.41870375	15.42421199	18.10960552	22.14704666	22.93097416	18.55017924	13.07950676	8.016453138	2.401105594
33	2	2	4	0	30.48764626	26.19528406	28.7444895	32.16021181	34.71955376	34.92125419	34.04346052	30.34674348	28.22169703	29.48419327	30.93858151	29.96851806	26.96793087
34	2	3	4	0	19.68650983	19.49802356	19.91822746	19.83919457	19.00021872	18.34832427	18.47396853	19.53021951	20.93666499	21.71972659	20.53809074	19.37036479	18.96127828
35	2	5	3	16	27.17969373	26.16858638	27.13810701	29.39023451	30.38370155	29.38503919	28.43690641	26.33153015	26.44346623	26.6000747	26.40708008	25.65290215	24.79035265
36	2	3	4	17	25.10083784	25.41185501	26.61237546	27.56377427	27.4122827	26.10525107	25.30922513	23.22856205	22.72609066	23.33435301	23.99402361	25.08115817	25.34543961
37	1	10	1	18	-3.2099854	-18.69514988	-19.72572872	-13.69602165	-6.91899888	3.723355841	7.079897962	14.03697935	12.62589105	6.588038139	-1.214121809	-10.08498158	-16.59734253
38	2	3	4	0	-999	-999	-999	-999	-999	-999	-999	-999	-999	-999	-999	-999	-999
39	1	8	4	0	27.62600937	25.78439142	25.94966141	25.94709601	26.83649259	27.81521606	28.17454347	29.13139139	29.40161468	29.30776691	28.55673596	27.4083369	26.74420721
40	2	3	4	0	26.90053306	28.00738026	29.43400919	30.35463562	29.86147599	27.91513243	26.87196678	24.17394199	23.61102425	24.13973712	25.19088213	26.89775257	27.55706737
41	2	2	4	0	28.86471825	21.34119629	24.14824795	28.9193791	31.86016235	33.94677623	33.83017883	32.10588091	30.82697387	31.3280877	29.66260001	26.25950832	22.06787056
42	2	12	4	19	10.79161081	14.53714412	14.89246911	13.63623466	11.35327399	9.489890516	8.312081408	6.943466848	7.521860494	8.725194515	9.987442045	12.02756987	13.46747837
43	2	4	3	20	8.176524228	-6.825481586	-3.74529757	2.997468826	9.923944991	14.37573751	16.51257877	20.96075879	19.99747692	15.5149519	8.510717272	1.277362685	-4.208633469
44	2	12	4	21	23.70947548	24.04242653	24.72835411	24.52272333	23.92985861	23.43792463	23.13986327	22.67461949	23.57275575	23.96805941	23.71214214	23.66610144	23.5034193
45	2	1	4	0	26.92158188	28.07560408	28.37488813	28.74182792	28.48673243	27.37675985	26.742199	25.16391177	24.91884948	25.04967309	25.83593025	26.93429185	28.0735582
46	2	3	4	22	25.05699416	25.42266647	25.9866664	25.75368903	25.13771742	24.82990148	24.68186494	24.81711492	25.52841428	25.5711916	24.709804	24.21325918	24.24771817
47	2	3	4	23	25.67661748	26.58864571	26.96264647	26.74551801	26.41048576	25.67441352	25.4804653	24.91775402	25.16696186	25.05283456	24.63206201	25.0309853	25.72516733
48	2	11	5	0	-999	-999	-999	-999	-999	-999	-999	-999	-999	-999	-999	-999	-999
49	2	9	4	24	24.09502494	23.06016906	23.59887782	24.42327447	25.27873691	25.17284254	24.8667814	24.00118381	24.34811603	24.41758825	23.71442858	23.47985129	23.06686669
50	2	3	4	25	26.93966521	27.71147255	28.986904	29.69886684	29.53379902	28.26031556	27.15262364	24.56538709	24.08359511	24.55819694	25.66953319	26.97357119	27.32517567
51	2	7	2	0	12.44537642	1.664106187	4.515385898	7.808755093	12.37701238	15.07145588	17.76498819	21.86475889	22.34403038	17.25198787	13.09833685	8.585612548	3.886788311
52	2	8	4	0	26.0687821	23.26029513	24.08269634	24.30850733	25.72756616	26.69251789	27.31486256	28.37200454	28.4784698	27.82407956	26.68551074	24.97681938	24.37527009
53	1	6	1	26	21.50683865	13.81055132	15.09408582	16.36307514	19.16194068	22.46296006	24.2540998	28.49393295	28.41066295	27.08196567	24.35169811	20.34611071	16.06846785
54	1	7	2	0	9.012571636	-2.013692554	0.422604246	4.265080308	9.140665684	12.83668425	15.17703931	18.06500959	18.60924661	14.04816358	9.589984208	4.248971906	0.955527639
55	1	7	1	27	9.7142068	2.750250167	2.908386766	4.427351689	7.364666694	12.06986203	13.87230265	16.77367722	16.81002047	14.79524367	10.65787105	6.576092289	5.402984902
56	2	2	4	0	29.69406417	24.40139602	25.24576734	27.75719382	29.70722159	32.48433809	33.65740805	34.3031954	33.23814832	33.05766218	29.70171445	26.56206544	24.83765199
57	2	8	4	0	-999	-999	-999	-999	-999	-999	-999	-999	-999	-999	-999	-999	-999
58	2	8	4	28	24.54392649	22.46927986	22.68393836	23.24522821	24.19626813	25.00247019	25.46351932	26.15168122	26.26912011	26.06980767	25.17699906	24.02067673	23.2232165
59	2	12	4	29	20.40584749	20.72761469	20.89962947	20.84189522	20.66281714	20.50407499	20.024649	19.23914989	19.87167681	20.52359227	20.60081894	20.81969543	20.68196451
60	2	2	4	30	24.07418888	13.5665331	16.50190258	20.34435922	24.83401394	29.24645187	30.46300672	31.47560507	31.40282668	28.78481648	25.24078516	20.13615843	15.24029272
61	2	9	4	31	22.90771665	20.76425868	22.06969225	23.6156203	25.02342098	24.93316477	24.20773027	23.31290137	23.49423835	23.13647398	22.1063975	21.60724628	21.29144292
62	1	3	4	32	24.49783745	25.26049051	25.72731235	25.71310448	25.64476118	25.02952657	24.51283042	23.23059552	23.14127844	23.45020361	23.7368689	24.34557882	24.78185886
63	2	2	4	0	28.57986887	23.93257732	25.01775592	27.30624971	29.45516055	31.69379421	32.06848684	31.16714761	29.91430475	30.89375605	29.42957122	27.00441894	24.5591902
64	1	7	2	0	6.854438478	-3.500360785	-2.20993689	-0.265065355	4.727778569	10.78674403	12.78507851	16.98069612	16.81911461	13.01755206	6.8878219	2.855815274	0.858551589
65	2	2	4	33	23.71812566	23.15190426	24.71477742	25.86647498	25.38541063	24.58796314	24.20081252	22.80788409	22.82159964	23.4595094	23.0299815	22.54337241	22.53622077
66	2	12	4	0	7.313870753	10.43929775	10.74097614	9.682422809	7.845558671	6.411399077	5.7321262	4.47004673	4.473463857	5.152009782	6.179030382	7.928550791	9.597604625
67	1	7	1	0	7.907547876	5.461496621	5.612763598	5.535690645	6.004568357	7.673771531	8.578038485	11.10018914	11.2446775	10.44760263	8.825934961	6.698523278	6.632690147
68	2	11	5	0	26.11302104	27.6001909	28.17435691	27.57595793	27.05055536	25.96238317	25.61946949	24.38594214	24.26863074	24.68516833	25.64405149	25.9950474	26.87890263
69	1	7	1	34	3.011669579	-8.930047656	-7.445561936	-4.741866388	0.792693939	7.927582994	10.1482793	16.04232877	13.54133354	9.038879517	2.380968986	-1.42781506	-4.003339508
70	1	7	1	35	11.48162481	4.10390806	5.017654119	7.329351217	9.897556113	13.16595771	15.39873474	19.5599083	19.37727846	16.1720351	12.43529641	7.254648219	5.518205694
71	2	12	4	0	25.45680907	24.50048774	24.41495174	24.93267441	25.01544446	25.16757775	25.12471489	25.0643538	25.99516206	26.80992815	27.13923482	26.63361818	24.6963583
72	1	11	3	0	-999	-999	-999	-999	-999	-999	-999	-999	-999	-999	-999	-999	-999
73	2	3	4	36	24.89365502	25.71469349	26.11724169	26.10670987	25.91826511	25.30679168	24.81393081	23.66726024	23.9875867	24.1209209	24.05632913	24.51831125	24.96397503
74	2	6	2	0	8.218904545	-2.684635685	-0.62587811	2.395882155	6.624466621	12.0221756	14.11039789	18.23683945	18.74081494	14.16814711	9.502908789	3.732804332	-0.259112837
75	1	7	1	37	9.77832683	0.663950332	2.087000795	5.135485547	9.07420221	13.10943422	15.28873546	18.22920361	18.2992169	14.56184747	10.32578921	4.971098523	3.021276535
76	2	3	4	38	28.22143577	28.63066231	30.04790321	31.08881928	31.16454166	29.88509684	28.66959749	25.61559788	25.00179088	25.47200434	27.00057001	28.69475639	28.73639448
77	2	7	1	0	-999	-999	-999	-999	-999	-999	-999	-999	-999	-999	-999	-999	-999
78	1	7	1	39	14.75220509	4.497734356	7.621096624	9.789845433	13.66655603	16.6476629	19.26110862	23.87793003	24.16665677	20.30863362	16.09574755	11.61001723	6.493737726
79	2	10	1	0	-999	-999	-999	-999	-999	-999	-999	-999	-999	-999	-999	-999	-999
80	2	8	4	0	-999	-999	-999	-999	-999	-999	-999	-999	-999	-999	-999	-999	-999
81	2	8	4	0	27.01607768	25.80570741	25.60882063	25.69359748	26.21466515	26.94990277	27.21649446	27.77538095	28.09243157	28.41055318	28.01861752	27.40670477	26.65349923
82	1	11	3	0	28.29653249	27.31069058	27.15341133	27.21604355	27.72703186	28.45938701	28.69291728	29.09386708	29.02290835	28.85283554	28.88836375	28.67248288	28.16998265
83	2	9	4	40	22.50062219	19.15001056	20.62650432	22.20336412	24.26097394	25.28717711	24.5986831	23.62698701	23.91604289	23.55055845	22.26830903	20.88797551	20.21207839
84	2	3	4	0	26.49027669	26.07315607	27.77124772	29.29841252	30.14904715	29.01599095	27.80285071	24.2461829	23.39983947	24.22429939	25.44925586	26.22579355	25.58119821
85	2	3	4	0	28.47753464	27.59371881	28.35406124	29.63164749	30.86245551	30.86391261	30.33288355	27.26117855	26.08376433	26.72804961	28.4015747	28.74512456	27.45169087
86	2	12	4	0	25.12459445	24.40923349	24.39330886	25.27499578	25.31392466	24.78304548	24.681668	24.55490358	25.41761121	26.03660735	26.33489018	25.87115112	24.51556371
87	2	8	4	41	26.17134767	24.40903521	24.61768385	24.91297414	25.76499571	26.55087036	26.98594493	27.57831557	27.71322513	27.55699608	26.71084534	25.66982686	25.07196696
88	2	9	4	42	23.51249228	20.86004057	21.80176205	22.96249346	24.72782698	25.50823941	25.18233428	24.30684674	24.65272689	24.76983141	23.57962457	22.39013646	21.64127648
89	1	7	2	43	11.93411388	-0.917509838	3.115420126	7.232060519	12.69943775	15.7721142	18.38096206	21.82335785	23.00426033	17.6380132	12.54515294	7.171555765	1.679104248
90	1	7	1	44	1.532191983	-4.094190197	-3.424229155	-3.271358872	-0.37315129	3.370912276	5.215952333	8.615833369	7.35056591	5.448601667	1.996909386	-1.84279921	-2.748500531
91	2	5	3	45	24.68502196	17.03426337	20.41725294	24.79874726	29.51907398	31.48902436	31.03003022	27.40957692	26.49025262	25.87070543	24.14227719	20.8533642	17.50136816
92	2	5	3	46	25.47353766	25.47106785	25.36671601	25.59819787	25.83319916	25.96798221	25.61346516	24.93919891	25.09928624	25.38943303	25.65897432	25.63190342	25.46472738
93	2	6	4	47	19.01002942	7.435613627	8.589906308	13.80210938	18.41969527	24.60878337	26.7707252	30.45906491	28.60724679	25.58584763	19.54599048	12.29255378	9.23681476
94	2	6	4	48	24.78595132	11.09507002	13.55087304	18.43595672	23.29287752	30.22235276	32.64609176	36.91949723	36.95048431	32.99646593	26.86742192	18.14761392	13.21100681
95	1	7	1	49	9.744696908	6.205198296	5.862602919	6.596438379	7.908237871	10.98974281	12.26679581	14.71548279	14.20426951	12.5218157	10.08947762	7.108368233	6.961601071
96	1	6	4	50	21.09451767	12.60086201	14.50758303	16.66281253	20.0328074	24.14881729	25.34545261	27.55242539	27.347992	25.85358689	23.39127901	19.24067384	14.82291482
97	1	7	1	51	12.84197426	3.914952839	5.545124819	7.708779418	11.43951629	14.03027005	16.93450078	22.01114041	22.27513584	18.02123022	14.26553268	9.118123306	5.551711585
98	2	8	4	52	26.66912204	25.11893159	25.11183265	25.24033308	26.05557389	26.8307177	27.17858241	27.86762327	28.12858223	28.0985707	27.41728649	26.56542775	25.97939633
99	1	4	1	53	11.83532697	0.280071466	0.825369337	4.77605491	10.04919246	15.24580993	16.61319593	22.60951661	23.58563184	20.02084508	14.48171979	8.200235034	3.271754478
100	2	6	4	54	20.81179396	9.860406429	12.46186924	15.90608554	20.25206622	25.41181357	26.94264613	29.50486638	29.22158556	26.90657359	22.74072113	16.65171273	11.86340261
101	2	6	2	0	8.465513448	-9.121495291	-7.606844921	-0.162409442	9.967756683	17.12253348	19.92840465	25.65744446	23.70949798	17.14854785	8.584135221	-1.349686641	-6.008765501
102	2	1	4	55	25.27799287	25.87452845	26.76083246	27.20130232	25.89539861	24.7443429	24.50905027	23.75492515	24.22862414	24.936623	25.59661273	25.13269476	25.04570159
103	2	11	3	0	-999	-999	-999	-999	-999	-999	-999	-999	-999	-999	-999	-999	-999
104	2	4	3	0	6.542209826	-10.650493	-7.99973083	0.510519109	7.531556064	13.09722781	15.02292947	21.19490351	20.56108667	15.40669517	8.548236194	-0.16439101	-7.382608611
105	1	4	3	56	11.9598915	-1.884763213	0.214872848	6.206981067	11.76606361	16.33191992	18.16039964	24.14609806	24.63477385	19.60581787	13.81159276	7.11802302	0.817246746
106	1	6	4	57	28.37869314	14.9525332	16.96381197	22.34590056	27.41564735	34.50453373	36.71237633	40.05594991	39.50153508	36.51690108	30.22461042	21.7253128	16.77979482
107	2	6	2	0	2.718043721	-10.47066701	-9.110046998	-2.511152248	3.186364196	8.095382886	10.25797333	15.4486068	13.88511565	10.16931936	2.739862983	-4.123969706	-7.786525684
108	2	5	3	58	22.78170195	18.3304263	19.76659847	23.83456049	26.31000428	26.18124358	25.66422396	24.01733197	24.03325578	24.00819427	22.75795644	20.73006032	18.11790147
109	2	7	4	0	7.180053893	-3.825899977	-2.029381038	0.651462285	6.119030516	12.05865877	13.91624508	17.09677579	16.73953063	12.81203567	6.916851417	2.662174543	0.666008118
110	2	6	4	59	18.80880708	10.02158733	11.94547407	13.80504994	17.1421275	21.1008638	22.64209247	25.92157815	25.89088293	24.2773719	21.49418642	16.99538541	12.50002934
111	2	1	4	0	12.95391293	18.1463249	17.0673449	15.59288886	12.60343726	9.239638112	7.882942202	6.120630169	8.91004907	13.083345	14.57661532	16.37012707	17.48705224
112	2	3	4	0	25.42353625	26.33156667	27.03662983	27.05753828	26.93189706	26.10404596	25.35917093	23.67901628	23.40894925	23.95788875	24.70755559	25.37859941	25.97990596
113	2	2	2	0	23.93003412	12.74111247	15.58843106	19.91880261	25.56699986	29.37038991	30.82958665	31.66390071	31.23324578	29.14029478	25.30249336	19.55562261	14.34596733
114	1	7	1	0	6.815662779	-2.555411712	-0.840731614	1.918367058	6.010477216	9.532690478	12.21738902	15.86775398	15.67761869	11.5146671	7.740933929	2.156460371	-0.497817039
115	2	7	2	0	7.643234	-3.969655842	-1.641730639	1.607677552	7.251550793	13.19372793	14.90518978	17.17745205	17.03540335	13.02451416	7.394000264	2.998662007	0.523938571
116	1	7	1	60	9.625821286	1.461783096	2.756039023	5.511319582	8.722866713	12.57277528	14.56095106	17.81266344	17.49560604	13.8594786	10.11243547	5.054214714	3.269912402
117	2	7	2	0	11.15691146	-1.095130505	3.465860993	6.678583642	11.54152935	13.84999455	16.44804088	20.65445437	21.44376289	16.68382321	12.35404882	7.338623846	1.522763386
118	2	1	3	0	22.91700115	24.71195596	24.64284322	24.36208324	23.43298295	21.31838096	20.6388179	19.19313255	20.60655632	22.19874983	24.18715737	25.11313344	25.39585048
119	2	1	3	0	22.01315817	23.08991968	23.05307812	22.57567999	21.34822784	19.91222151	19.10163049	18.22276438	20.6884396	23.08406265	24.95683781	25.20333858	23.80038263
120	2	5	3	61	25.81436261	25.14481853	25.07106243	25.78440158	26.40600999	26.7157081	26.43482745	26.03054014	26.25091132	25.98296563	25.75762385	25.40606258	25.0168393
121	2	5	3	0	-999	-999	-999	-999	-999	-999	-999	-999	-999	-999	-999	-999	-999
122	2	2	3	0	30.50657932	21.78256971	24.54266528	28.43593856	32.49495649	35.74370039	36.15199784	35.37163606	33.8594364	34.33981641	32.23028533	27.5584848	22.88891294
123	1	7	4	62	-999	-999	-999	-999	-999	-999	-999	-999	-999	-999	-999	-999	-999
124	2	11	4	0	-999	-999	-999	-999	-999	-999	-999	-999	-999	-999	-999	-999	-999
125	2	8	4	0	-999	-999	-999	-999	-999	-999	-999	-999	-999	-999	-999	-999	-999
126	2	2	4	0	29.1606348	19.89781229	21.78267341	25.75652492	29.06211305	32.7178117	33.77186359	36.01617608	35.68846041	35.04498126	32.011655	25.85727202	20.86578522
127	2	1	4	63	25.26511387	27.38667569	27.93208473	27.8632009	27.04747019	25.33959062	24.62822507	22.94306523	22.88842287	22.82145951	23.75825684	24.94114288	26.50150011
128	2	1	1	0	-999	-999	-999	-999	-999	-999	-999	-999	-999	-999	-999	-999	-999
129	2	10	4	64	21.00438783	14.94989852	17.32153504	19.48978134	21.69434366	23.77987795	24.48158481	25.16075574	24.89385486	23.51847011	21.3907623	18.46486071	16.04248165
130	2	7	2	0	11.43313495	-3.29860973	1.163633859	6.034585671	12.55188695	16.79703698	19.18859655	22.08096091	23.32246692	18.06958294	11.7451888	5.460448302	1.129164542
131	1	7	4	0	-999	-999	-999	-999	-999	-999	-999	-999	-999	-999	-999	-999	-999
132	2	4	4	65	2.37474013	-18.60048572	-14.84438171	-4.178171277	5.180743033	11.56256005	14.920749	20.29661393	17.96149105	11.82745052	1.920587	-7.980304851	-13.97188211
133	2	8	4	0	-999	-999	-999	-999	-999	-999	-999	-999	-999	-999	-999	-999	-999
134	2	2	3	66	18.63910118	10.30396318	11.25154494	13.79378177	16.77427114	20.53939703	22.3658014	27.44141182	28.08156491	24.39358312	20.36402158	14.42552421	11.66175069
135	2	1	4	67	23.93947772	25.64698008	25.59199198	24.89007255	23.29142005	21.44177355	20.73345841	19.91343117	22.29840716	24.84595851	26.45465201	26.71599236	26.25657108
136	2	5	3	68	23.04112764	17.42322459	20.40902099	23.65428324	26.64240261	27.12546566	26.19728864	24.25545972	24.61736932	24.36013465	23.26676538	20.80769399	18.56113639
137	2	1	3	69	22.70484573	26.29973321	25.7909678	24.99342861	23.45875024	20.56475177	19.06295843	16.51140848	18.75182441	21.95184243	24.5791106	26.05505437	26.13490644
138	2	11	1	0	-999	-999	-999	-999	-999	-999	-999	-999	-999	-999	-999	-999	-999
139	2	5	3	70	10.0559825	0.91830771	3.318187874	6.333561305	11.40185971	13.98059138	15.31499459	16.44875433	16.43027512	14.75285944	10.28143793	6.707775692	3.151598405
140	1	7	1	71	11.10041069	4.053596895	4.381729865	6.825417131	9.809034994	13.60526011	15.3288949	18.29454216	18.20472635	15.60712508	12.0530144	7.164736265	5.816370445
141	2	8	1	0	-999	-999	-999	-999	-999	-999	-999	-999	-999	-999	-999	-999	-999
142	1	11	4	0	23.49495107	25.67671123	26.38588604	26.14053935	24.85144778	23.58044378	22.70159243	20.93698967	20.68617226	21.14352579	22.57937278	23.63708468	24.7071524
143	1	11	1	72	10.44712295	15.35088454	15.05400401	14.07109479	10.75968765	9.099809968	7.825313917	6.031568488	6.273006254	7.768155408	9.375563174	11.69588878	13.59980639
144	2	9	4	73	24.84468458	23.16665374	23.69383746	24.74591965	26.2508007	26.3017229	25.9155596	25.20039643	25.4094542	25.53618559	24.65699407	24.11422789	23.46770794
145	2	2	3	74	29.36098729	19.06432285	22.23530769	27.48419726	31.79008136	34.99785229	35.43155035	34.73187224	33.77727716	34.0610782	31.11099476	26.19226053	20.68610569
146	2	3	3	75	28.23717934	26.25679541	28.23808004	30.94238165	31.88920679	31.09791763	30.06009837	26.92096555	25.72104458	26.78210139	27.75963844	27.92721748	26.34339288
147	2	11	3	0	-999	-999	-999	-999	-999	-999	-999	-999	-999	-999	-999	-999	-999
148	1	11	1	0	-999	-999	-999	-999	-999	-999	-999	-999	-999	-999	-999	-999	-999
149	1	7	1	76	2.332045589	-6.228019084	-5.692108092	-4.181596353	-0.150226698	5.709199604	7.72809244	12.69082886	10.69130282	8.008245659	2.364659538	-2.184637945	-3.232395844
150	1	6	4	77	29.47560407	20.99466914	22.43225083	26.97729059	31.02072738	34.32592798	35.26911025	35.82355393	35.48276268	32.67997567	29.74945186	25.42623694	22.17432218
151	2	5	3	78	21.89684545	10.19568116	12.53097026	17.82901032	24.30536001	28.64534149	29.88491206	30.92975804	29.54500135	27.16728394	22.33084527	16.03116361	11.62721561
152	2	11	3	0	-999	-999	-999	-999	-999	-999	-999	-999	-999	-999	-999	-999	-999
153	2	9	4	79	25.46613007	24.8317118	25.0406438	25.57052879	26.1549005	26.17868685	26.03084105	25.4828631	25.66281897	25.5978409	25.21251555	25.03438649	24.92474402
154	2	11	4	0	23.81038352	24.2779302	24.21337694	24.08759253	24.11342653	23.99005869	23.64929688	22.83181169	23.02648867	23.28903877	23.93157398	24.2666089	24.42501299
155	2	12	4	80	24.73829545	29.59261073	28.42000794	26.56387853	25.02896651	20.90978984	19.7109266	19.54002654	21.69799824	24.73298715	26.68679474	27.24520507	28.17433104
156	2	12	4	81	19.20415224	19.66572688	19.64560513	19.62896184	19.33734045	18.85758853	18.28014773	17.64353652	18.71668396	19.73257578	19.84673943	20.05889703	19.66651441
157	2	5	3	82	26.03680525	24.57040724	24.52310556	25.4129392	26.71812917	27.62113527	27.41631893	26.42187376	26.50483522	26.37182364	26.1301866	25.68699237	25.18876502
158	2	11	2	0	-999	-999	-999	-999	-999	-999	-999	-999	-999	-999	-999	-999	-999
159	2	7	2	83	9.629557189	-1.783518167	0.566053846	4.214121644	9.678193053	14.22916105	16.43951423	18.58651053	19.32381963	14.94130115	10.00722604	4.832045937	1.832777659
160	1	7	1	84	15.23156313	8.678148137	9.285777942	10.57566269	12.79765749	16.37353439	18.05712368	22.03146847	23.13835408	20.95325464	17.17055181	11.73464387	9.96666405
161	1	8	3	0	26.23753634	24.8197762	24.64536669	24.75508354	25.36793785	26.20314907	26.58208797	27.29377374	27.57691135	27.72456034	27.23426549	26.45010138	25.73281756
162	1	6	4	85	28.49623065	19.46442104	19.51964044	23.07572717	27.32851668	32.47772046	33.98574888	36.14365798	35.92408841	34.19764324	30.73015655	25.70122686	21.40741939
163	2	1	2	0	24.52328828	26.81740306	27.22421744	27.13528781	26.28554405	24.48450838	23.77971432	22.0471984	21.93424369	22.08933142	23.15495444	24.30219093	25.89035638
164	2	7	2	86	10.8236032	-2.786106144	1.740319388	5.951361211	11.73072803	15.00375684	17.56468201	20.58809089	21.97895032	17.00604509	11.36264271	6.117441682	0.609789994
165	2	7	2	0	-2.557217564	-20.77115688	-18.30098204	-10.97909118	-3.164500359	4.497297866	9.312609044	16.37316973	14.20058231	7.301038178	-2.151821134	-13.96979024	-18.77762247
166	2	3	3	0	19.02157376	19.34339179	19.8957461	19.56251199	18.47075342	17.72814192	17.86742129	19.10888752	20.21956385	20.24774168	19.23186753	18.22157676	18.26761301
167	2	11	1	0	28.04363371	28.66009098	28.60871352	28.67119111	28.71466645	28.31081938	28.0856945	27.28870887	27.22444275	27.33389893	27.66375233	27.96009078	28.25549777
168	1	7	4	0	13.28176903	4.029980797	5.938039788	8.220589052	12.21408715	14.59702291	17.45550008	22.97984898	23.30631363	18.25641816	14.31200108	9.354881503	5.460530431
169	2	3	3	0	-999	-999	-999	-999	-999	-999	-999	-999	-999	-999	-999	-999	-999
170	1	6	4	87	27.19686273	16.44941743	18.30314708	23.46520364	27.42568318	32.49390593	33.97292393	35.92372153	35.6495941	33.2688255	27.84249512	21.84529192	17.75223966
171	2	3	4	88	29.99525148	26.44642023	27.38425507	29.87933565	31.83869134	32.76361825	32.63543214	30.51224143	29.24991054	30.10378729	31.8927077	30.29589277	26.96826403
172	2	7	4	0	11.26656074	-1.176546742	3.13429795	6.64408086	11.97379135	14.4393559	17.03598627	20.64578276	21.7359277	16.75405722	12.19845014	7.24839073	1.563204222
173	2	1	4	0	-999	-999	-999	-999	-999	-999	-999	-999	-999	-999	-999	-999	-999
174	2	3	3	0	26.17155172	26.71162589	28.00336031	28.84216662	28.94958856	27.51508293	26.50072495	24.03310854	23.62399087	24.30181282	25.17879726	25.728812	25.82809867
175	1	5	3	89	27.82181518	27.05340928	27.03045232	27.70016455	28.40686193	28.76840706	28.55763197	28.1412682	28.12172287	28.03019735	27.98651212	27.37161971	26.86492869
176	1	7	2	0	9.470386035	-3.068038012	0.694577106	4.670516283	10.20841937	13.72839329	16.20949013	18.92626503	19.86677324	14.83377992	9.873702446	4.908620076	-0.132729969
177	1	7	2	0	9.873921264	-0.628818152	1.713008796	5.101265763	9.904410151	12.79559035	15.55216407	19.39976948	19.48038717	14.5257816	10.36738057	5.616264312	1.477823329
178	2	11	4	0	27.88111743	28.41777097	28.2449816	28.4117202	28.2099986	28.05496974	27.84890787	27.26006461	27.11313353	27.38841392	27.72182879	27.94588156	28.17898392
179	2	2	4	0	27.3985001	25.80114231	26.86647875	28.5066016	28.94958895	28.68024995	28.37922744	27.11561781	27.53695937	27.91585374	27.26333711	26.31737064	25.75352527
180	2	1	4	90	19.0816075	24.1769014	23.75880422	22.29616016	19.58270793	16.31231367	14.73556769	12.47427576	14.46929804	17.94837133	20.00129572	21.85072527	23.24592111
181	2	12	3	0	-999	-999	-999	-999	-999	-999	-999	-999	-999	-999	-999	-999	-999
182	1	7	1	91	14.02829017	6.162737924	6.972186699	8.76161982	11.25427464	15.21803712	17.80426807	23.16447736	23.47434042	20.13178431	15.60279496	9.232111883	7.584146896
183	2	5	3	92	26.48215352	24.69379562	25.28629049	26.57976503	27.86358376	27.75968358	27.69390767	27.43379264	26.94588353	26.91549801	26.26819514	25.51187683	24.83738186
184	2	3	4	0	-999	-999	-999	-999	-999	-999	-999	-999	-999	-999	-999	-999	-999
185	2	8	4	0	27.07544625	25.85619293	25.64959213	25.62579306	26.15004133	26.8623862	27.18455873	27.88357706	28.23362928	28.51537705	28.14730364	27.55832557	26.83375437
186	2	8	4	0	-999	-999	-999	-999	-999	-999	-999	-999	-999	-999	-999	-999	-999
187	2	10	4	0	6.279349643	-0.834397707	-2.017328082	-0.717808925	1.925426548	5.079848464	7.061279619	14.26087272	17.46023521	14.09904116	9.820186441	5.957928032	0.72692737
188	2	8	4	0	-999	-999	-999	-999	-999	-999	-999	-999	-999	-999	-999	-999	-999
189	2	2	4	93	28.85460004	23.40597031	25.79272776	28.85296622	30.86738307	32.5394985	32.4405395	30.90071053	30.48232794	30.89264699	29.46000357	26.7142918	23.88690122
190	2	12	4	94	25.50257144	24.58678746	24.5265918	25.21870399	25.20339134	25.09510427	25.07011687	25.04362584	26.00312407	26.72802879	27.10911356	26.64109509	24.80385307
191	2	1	4	0	20.29864481	23.11936744	23.30930974	22.56688152	20.65862456	17.88729588	16.98845253	15.67442447	18.10374323	20.67964623	20.85242271	21.77255015	23.0872269
192	1	7	1	95	3.418324848	-6.969582321	-5.947562378	-3.571003105	1.418353843	8.00569801	10.1952147	15.16837205	12.80837052	9.154206498	2.970313428	-1.764010665	-3.15784397
193	1	7	1	96	6.406646524	-2.871898095	-1.129844337	1.428076883	5.361737216	8.66970453	11.45113791	15.59346279	15.3401676	11.32462903	7.532257137	1.752554938	-0.70734286
194	2	6	4	97	20.27942362	8.150031828	10.95779022	14.46448708	19.01542487	24.62015909	26.73810013	30.70004072	30.57210669	27.25003281	22.49316545	15.33150024	10.36919382
195	2	6	2	0	2.009592098	-10.75588752	-9.535905295	-3.756511381	1.524993074	6.816551263	9.077598869	15.25532417	13.52773644	9.644178508	2.341890664	-4.410735079	-8.562295297
196	2	1	4	98	22.53091833	22.49815172	22.8997913	22.94981575	21.89959794	21.15351257	20.96854789	20.86512698	22.33714122	23.66223848	24.34167323	24.11026461	22.90962098
197	2	5	3	99	26.16751544	23.8760904	25.52415455	28.5392154	30.23423421	29.14427974	28.10823119	25.77344146	25.69937944	25.87619671	25.38431093	24.13696679	22.7550447
198	2	5	3	0	26.62551804	27.18278325	27.17342568	27.19336454	27.1427616	26.69086432	26.17409812	25.02397518	24.95204698	25.76320963	27.08570763	27.86586722	27.81558624
199	2	3	4	100	28.3692344	28.56827659	30.14238451	31.43892011	31.45165703	30.13681692	28.93712007	25.66513067	24.87096874	25.53560943	27.19774733	28.97841705	28.85664627
200	2	11	3	0	-999	-999	-999	-999	-999	-999	-999	-999	-999	-999	-999	-999	-999
201	2	11	3	0	24.92014532	26.84809271	27.45883851	26.76863156	26.17465959	24.94491616	24.52935164	23.05197593	22.83023998	22.88450894	23.94221076	24.55943129	25.6309707
202	1	8	4	101	27.29311302	26.1756861	26.16838841	26.629687	27.11424293	27.64671402	27.56512952	27.52973735	27.988748	28.30665163	28.0187925	27.66596388	26.73835518
203	2	2	4	102	21.0062536	11.18632108	12.81771485	15.73991027	19.78391478	23.40470335	26.03069753	31.11968327	29.97318564	27.21843506	22.62758126	16.42454812	12.66101425
204	2	6	1	103	11.9148008	-0.693620531	2.674677901	6.000990395	10.90079874	15.32638543	17.63131515	22.3469176	22.90520847	19.04159661	13.85552035	7.836266552	2.290085587
205	2	6	2	0	18.59778126	5.988569434	6.444891677	13.04758497	17.71907498	26.11231579	28.3332393	33.37779877	30.3538182	25.22588478	17.22773511	9.585425424	6.769721509
206	2	8	4	0	-999	-999	-999	-999	-999	-999	-999	-999	-999	-999	-999	-999	-999
207	2	11	3	0	-999	-999	-999	-999	-999	-999	-999	-999	-999	-999	-999	-999	-999
208	2	1	4	0	22.93869518	24.54257751	25.51153847	24.89825212	23.02330485	21.82453303	21.59089861	21.39981313	21.9717681	22.49706402	22.54991967	22.52519392	23.32994558
209	2	7	2	0	10.04477334	-4.008224483	-0.82912054	3.880200821	11.09964634	15.78424046	18.01811139	20.91104365	21.91328193	16.54487779	10.27782288	3.683529203	0.398960177
210	1	6	4	104	29.59595482	20.67528401	21.56161962	25.28998879	29.65563249	33.83016615	34.99036094	37.05865777	36.83678959	34.59756754	30.6808463	25.98730454	22.38638576
211	1	7	1	105	9.454142066	4.581204631	4.785994389	6.02620513	7.621485345	10.90927484	12.20939741	15.25406744	14.83638499	13.03492877	10.10783606	6.568287102	5.939399475
212	1	10	1	106	9.875258018	-2.468899723	-0.180310084	3.381373405	8.454059658	14.25606377	16.94956217	22.42219071	21.12423699	17.63443562	10.60181729	4.049319967	-0.935866114
213	2	12	4	107	17.58476545	24.64678958	24.24450201	20.81688794	18.94152668	14.49550268	13.22823011	11.63885082	12.44842064	14.43143522	16.3346919	19.29430897	22.2477242
214	2	6	2	0	15.30421126	1.57331781	2.043069978	9.791808274	15.42889528	23.31868683	25.61633938	31.20669351	27.68480511	21.98898934	13.85185349	5.639797838	2.38219158
215	2	11	3	0	26.5365	27.74141487	28.22745198	28.32662474	27.59794202	26.61773701	26.12492703	24.91025916	24.83500861	25.08921537	25.87366303	26.53583086	27.16479245
216	2	12	4	108	24.65495881	24.37800695	24.98359899	25.76352152	25.61400486	24.63294537	24.28928631	23.736488	24.38021517	24.79586005	24.84301825	24.68109529	24.16016553
217	2	5	3	109	23.83695637	19.67608994	20.32154091	23.36658198	25.95477889	26.85755633	26.85190174	26.09141005	26.0698884	25.41399626	23.82090814	21.86840115	19.57021209
218	2	11	3	0	-999	-999	-999	-999	-999	-999	-999	-999	-999	-999	-999	-999	-999
219	2	2	4	0	23.7195525	17.65166948	18.41808808	21.03104269	21.98496216	23.88729673	25.18300444	29.2362085	30.45698436	28.88099178	26.3026443	21.49172831	18.4873749
220	2	6	4	110	26.92008242	19.90158808	21.54896745	25.88192721	28.08288476	30.56932823	31.66718405	32.61875995	32.16716966	30.31791327	26.29471367	22.81539189	19.79630569
221	2	1	4	111	21.78765248	22.09134824	22.08807254	21.88421703	20.80031237	19.63071015	18.67576122	17.8445946	21.34253952	24.47663069	26.21490374	24.77295402	22.61438401
222	2	1	4	112	22.03250384	24.31325212	23.71537721	22.9280017	21.2887546	18.9292265	17.89846908	16.50827954	20.00456235	23.30295781	25.69248636	25.60135124	25.33683094
